692858
3001187
4408524
9431388
8599042
880278
6256112
4562532
1538372
7190795
8794153
2411897
3165786
9379980
8481129
5146588
3320814
98978
5043636
7300826
1289960
9044250
6541733
756702
2734341
3015052
8252636
3287642
7494517
9027283
8508239
3950823
9970080
9888427
3584489
8378135
2538838
2547783
21253
4107203
2911302
685049
4953612
5330485
9873443
5889354
7116807
4456933
3220264
9105832
5352159
2406416
3515840
8262410
1032675
6676567
279054
3432887
2558817
1107040
9501513
5701441
3640677
912544
270384
213716
5198063
2835034
2900181
4097978
6137788
1040440
9178766
4457821
6169547
2556097
5482814
9221546
9995680
1156076
4000834
5189989
2578994
82959
90203
7368142
1830019
4891540
3476683
2026397
1532192
5106157
4248468
9147019
2261570
3733017
9636298
3689642
7873800
3485311
5347296
9170093
2242906
3113258
7311587
7418989
4785968
6071853
3924884
6845877
1326
8333303
198664
9593620
530008
3251051
1391014
9189309
7250682
4847449
245944
3544403
1272009
1770925
8821807
4712705
8007597
4041960
514027
3825840
6966229
9461523
9388691
847031
7293516
5239282
7139289
6713635
9303469
9390934
4163177
8692672
6516987
5776775
2363355
6313859
7003874
4757671
5382783
8969571
7432782
2119416
300718
4202920
7770639
9990156
2680010
9860251
7472311
3993275
7283580
4475018
3222607
432677
5512415
8305944
7649110
7645132
4083934
5453714
600017
4792780
8160600
3894324
5762157
7260260
9863027
4925875
8115192
1450624
8427558
1707740
9455461
8068576
9057462
2069459
4242769
2410100
2854872
5563616
2680681
1410371
1126397
3659648
2816466
7388859
8755902
6675486
9085693
7703710
9755378
4684868
1566100
5670276
6142402
44275
7242333
8096901
7900668
1377454
5820664
1643437
5074573
3164459
9084328
8548878
8721193
5437317
662287
7524242
7383184
6822051
1933098
9868275
6286167
3581527
8292776
8647852
1154691
8525449
4322192
3041084
4457157
5883586
7140776
2946810
21945
8134579
7603338
7451377
4704732
4957847
9158638
3092512
1762406
5298514
4147089
5880111
7122807
9121825
5440720
8656422
6147272
8191377
8547557
4087004
9840962
2210833
3858741
8226534
5062185
3158539
5405810
6512889
9089782
5561523
6830750
3674690
1802440
4342796
5256137
4524281
2413098
1167462
6179542
675701
4968305
1556502
7263263
1613787
7827904
8349122
4832302
6789403
7598887
897275
6517013
9118755
2588305
3764130
5988206
6924201
5123411
7240983
5735742
3876807
144263
8725569
2067554
373962
9858308
6279588
4213135
9005971
1971633
4218798
6367767
3701348
3431871
4756955
6355087
5151110
5706831
1681615
9932056
3696782
9152379
197060
1418555
7532338
400267
5661663
2049846
7583539
8375801
1441899
9007929
9425178
6631786
9722452
2136426
9575558
8968089
664158
1235230
478427
4859436
1576493
2461152
3412208
5381235
405521
6956342
1018404
4861292
9939835
3610556
1752186
9836741
6094625
9284991
1387863
9544346
5855622
117616
5032456
6419274
8032478
5247578
8588096
855886
3162745
9498811
4196041
6734677
2681573
975089
3482207
2817824
3084174
1122989
1448399
9829467
2731802
93962
3479815
7262660
8310998
5778228
7315086
5990549
9817604
2613018
4574157
4071119
7146668
6668812
6143554
9701801
924170
8381918
5936729
7110570
2213536
285747
3633276
3287104
1247076
3151512
5204230
2335639
5962108
3727537
9319774
4082327
8694333
7800927
1412784
4627053
4036167
7624649
1545245
6697675
8604426
2018380
1481213
5786627
7246738
6596401
7366131
2651466
1463376
442435
3565562
6520739
6877402
1469518
9496663
3809888
9284835
5969081
1239437
1442579
2086966
1885316
8767146
1818399
5666415
5165296
5176428
3769241
1623886
4283111
5880505
5178365
4741120
2244913
1071437
5507363
5644197
9825994
6195990
5317869
6122997
9290219
901946
5078413
613180
2218093
9564886
6688702
3119652
9147578
6989465
72482
1264797
3271908
6342389
6281578
5250234
3239034
8728740
809353
224279
8648265
1738843
3298067
9779173
398984
6303517
8350277
1274731
6980866
7180112
5160915
3802288
4440857
7752185
3238539
8777392
711249
9690950
7752323
9453634
6066429
545484
2555035
2241569
3631488
5170981
7677031
8815723
5686814
1743662
4033822
1556803
8597945
41010
5916441
4124430
7824579
3311394
484699
4559549
6007079
4978186
2275299
5244426
6973245
8227625
1422889
4034987
3019922
6944332
5691819
2149019
9610945
9118044
121550
6556338
4241556
5745464
4483454
3612912
7009152
9597807
6737813
2557670
7335665
4568056
7456874
7521221
2456703
7884421
869863
5030670
5128530
3142327
3753480
789431
7252231
1934026
2359790
5672943
2289066
4315752
3302723
4878926
6335384
5104733
335028
7840713
5627435
8701689
1368123
9279608
127647
1897077
428758
8764856
3677157
4297037
4293505
5238181
9875634
8818630
3667130
4787403
762254
6452474
2391674
9365121
7604048
7251920
6423363
9930351
2426957
6974568
4240242
498831
8581783
7419960
972440
6534075
5340237
239468
7098777
3820225
30941
4254231
9436312
9842130
1181839
2086452
6218681
5720757
3528594
7007820
79272
683240
8007840
5676325
8945895
309156
9203184
4909266
4435268
8646081
3035089
969161
9629882
5046273
2154600
6424592
3490010
8165741
113389
1312120
2354086
4435820
3164422
5356958
5282500
8547209
5992532
9602154
3375890
7158273
5840866
9667999
5891451
6690318
9526405
6469248
802167
4676741
56762
8517389
694470
3556213
2265584
9789683
7764158
6187370
7624818
6149540
5976797
9522242
6920979
7209729
4943737
1568448
4158650
2202705
9685812
5504636
2934805
1817807
4282250
4578650
1552198
7043125
7792334
233055
3240315
8588916
7811189
5201556
6105774
8731455
2905061
4941168
2220993
1237618
6399057
612028
6151365
9844992
8925389
9071221
2661123
7263498
1720167
2589328
5320707
9955012
9569857
3923838
3801274
6316791
158610
9705394
9893420
3569626
247163
2055317
7680626
4000527
6986038
3628658
7035417
2605494
4163669
9196677
9486769
2061403
7702675
9746173
40387
8520077
4955930
5133014
9021910
2214449
801086
7802293
8749872
7898161
2357929
4643840
821901
6640967
1877496
4204826
6429377
1997756
9985458
9022067
3297645
8058978
4746050
2404087
2866157
6615625
4657651
9891108
1928036
17593
4040829
476288
1861113
1938592
1336669
9439
9883060
9265947
637958
4473372
2366043
7362760
6803877
1753313
2531894
8786236
8516564
5891467
8039669
5323410
8309916
7130346
118707
2114634
6723593
3770651
314845
7505115
4173708
6280513
8845010
163990
8685458
3707880
3555188
4430231
2093088
7111698
5421428
3961011
2216985
8055412
6256981
7726107
8321745
8106140
6385272
6839529
817956
9421527
2183995
6611318
9493142
9094039
470255
4640498
2269103
1407839
2068342
7525966
3811051
6041788
6609989
2442489
714925
8745088
3812477
114906
1480817
4239630
3667537
8638040
7169383
3709684
8672687
3892480
3740786
9914194
2250858
4767745
3998288
9518927
3196599
6006634
4729443
2276174
5838010
7809254
7932338
8256245
2791993
289223
7604101
815158
3652110
5567924
2824589
2132741
383610
5642450
3744821
1699003
710432
5499084
6440979
7370881
4486745
8010106
7796508
7744697
381527
5415368
1172709
7545100
310182
4865487
433281
2688302
9413370
7617258
9502012
5178874
8458669
180428
5544518
5756701
2183876
3325733
392866
6752492
5724171
5906259
1006272
9285913
1286477
8343193
1839604
8696690
2625503
7735501
2201126
8766647
4769136
6118321
3869245
6394271
4853538
5449507
346124
374802
8684981
4343101
2612602
300879
7193653
3326721
2379515
7156206
4186366
2336453
5909067
1787108
5325061
2074790
2812942
3336940
5051067
1318006
8626883
3987297
563733
9366852
8558944
7533584
5898425
9552149
4459655
1786515
6616324
1992495
9093853
5347293
4232110
4542151
816724
9417442
6672160
903345
1589013
5867727
642886
9958308
1741796
6978498
221164
4640575
9821048
1726193
5900633
4530089
8977040
2038261
3732757
5265437
975029
5327863
1586385
235903
8944854
531364
2051340
4601587
8766185
7195744
749098
4202956
5631403
2244867
1407414
9526229
5970160
1085351
3083444
3271048
6824027
6421643
1964649
1582843
2777247
8096631
9502656
5485542
3008361
4101857
6364527
3688299
4899254
7093827
9186065
182217
219116
5554716
5565577
4841469
8805408
2454121
4016728
4607828
7260600
3939460
3493076
4332306
