885
1661
2208
4063
4203
5986
7840
8892
9652
10398
11016
11394
12899
12983
13857
15254
15267
17501
18035
18732
18971
19829
21363
21829
22056
22533
22559
23406
24782
25323
25594
26681
28586
29333
29724
30451
31011
32075
32191
32304
33302
34035
36202
37042
39241
39758
41038
41544
41967
42362
42686
43046
45599
47974
49744
50538
50917
54665
58849
61640
65348
66023
66172
67310
67543
68495
72892
73875
74162
74361
75027
75840
76748
78779
78835
80159
80375
80852
85321
85714
85991
87277
87786
88793
89100
90667
93582
93758
94793
94884
96051
96136
96515
98418
101088
103835
104857
104993
105837
105851
105954
107192
107829
109340
109496
112069
112963
113174
113392
114044
114807
116771
118589
119446
119737
119869
120260
120693
121171
123646
123806
123826
124976
126762
127716
129230
129919
131090
131207
131788
132434
132466
135527
136725
139478
140891
141707
141920
143229
145001
145223
145884
148413
148562
153576
154485
155619
156828
161669
163346
164590
165566
165892
166665
167214
167379
168010
169890
171650
172757
172803
173202
174643
175514
175605
176139
176312
176783
177937
178585
178624
179848
179849
180537
181248
181411
181657
184838
185819
186204
186808
188289
189565
192122
193577
194936
195887
197050
197173
199060
199071
203548
208540
208893
209208
209546
210142
210184
210609
213746
213819
214771
215413
215466
215756
216641
216783
217699
217932
219094
219247
220153
222313
222436
223313
223377
225646
227120
228160
228189
229408
230130
230849
231315
232460
234037
234581
235994
236321
236695
237961
238473
239874
240758
242081
243454
244406
244873
246038
246614
249953
251273
252696
253147
254006
254531
255600
257003
257790
258349
259309
260273
261681
262209
262374
262768
263069
264616
264856
265719
265770
267459
267579
267613
267692
267695
270500
270973
271671
271699
273045
279267
279482
279680
280521
281028
281085
281691
282359
286171
286497
288594
290365
290647
291106
291160
294426
294856
295018
297845
297962
298615
303858
304385
304948
305361
307746
308306
308798
309828
309906
309909
310103
310454
310787
310811
312349
313111
313228
313447
314117
317518
318104
319605
320168
320468
321269
321686
322249
323516
325439
326249
326370
326948
327160
328188
328498
329734
331422
332120
332651
332765
332835
332849
335317
335807
336305
336850
337643
339411
341149
341277
343137
343661
344031
347222
348372
348856
350573
353319
355120
355311
355345
355567
355850
356814
357456
360020
360527
360552
361153
362493
362889
363783
364885
367224
370434
372185
373111
374121
374151
374294
376639
377973
382453
382616
384957
385989
386599
388521
389665
391881
392904
395520
395898
396329
396403
396652
397252
397655
398055
398700
399721
400926
400960
401873
402327
402628
405334
408744
409008
409446
410275
412357
412461
412719
412727
414080
414932
416536
416615
417120
417915
418804
420565
421290
421868
423926
424101
426349
428053
428831
432271
433481
433622
434439
434555
436388
436396
436924
440366
441365
441464
442611
442621
446788
447007
447390
447482
450091
451067
452209
452623
453653
453789
453951
453981
456238
458405
459158
459411
459608
460086
460284
460743
463800
466677
467022
467317
468080
468393
469659
471217
471325
471389
471696
472745
472811
475003
475329
476789
478001
480005
480401
481434
481929
483238
484002
487355
491608
491698
492117
495185
496784
500181
502086
503554
504471
508033
508480
509380
509604
511554
511669
512536
513480
514650
516213
516267
517221
519072
519120
519501
519896
520611
523619
524078
524677
525126
525231
525787
526635
527467
528594
529237
529828
530462
530903
532380
533123
533592
534008
534895
535780
536484
536547
537395
538728
538916
539343
540075
541693
542022
543873
546243
549344
549636
552998
553259
554028
554061
554383
558388
559996
560248
560285
563601
564196
564352
564635
565492
565829
566345
567675
567712
567911
568684
569285
569298
570659
570661
571161
571774
571869
571990
574228
574615
574974
575457
575951
576936
577004
577509
577795
577944
577980
579147
579715
579811
581331
583484
583939
586546
587629
587954
588626
590705
591472
591865
592383
593458
596853
596963
597182
597687
597982
598259
598321
598507
598980
599172
600391
601235
602256
603818
605861
606261
607110
607132
607212
608129
608248
612851
614190
615296
615941
616122
617613
619272
619869
620137
621998
622378
623460
624912
625549
627220
628993
629364
629857
630018
630662
631130
633321
635046
635068
635547
636944
638524
640980
641090
641863
642195
642202
643486
644675
645069
646869
647817
652636
653223
653776
653816
655152
658009
658976
659924
661412
661596
666234
666246
666404
667914
670156
673494
674723
676633
677815
677840
678592
679129
679689
680008
680357
680928
681098
683244
683682
683724
685147
688554
691236
691763
691875
692594
693983
696000
697034
697562
698307
700216
702866
702977
704851
705810
706649
706900
707217
707249
707686
709727
710161
711118
713964
714747
715208
716610
716730
719830
719861
719982
720318
720487
721619
723092
725303
726198
728813
729633
734430
735341
735348
736756
737035
737191
737549
738221
738832
743780
745738
746156
746178
746721
747473
749547
749845
751989
752843
753753
754552
756531
756589
757373
757730
758790
759500
760705
761111
761773
763594
763762
764589
764831
765351
765620
766649
766951
768360
772190
772703
773273
774075
774441
776474
779245
779858
779974
780147
780801
782431
783564
785988
787196
789878
790778
792290
794212
794558
795460
795991
797911
797926
798035
799308
800267
800798
800875
803238
804423
805255
806425
807668
807952
813440
813524
813914
815160
815525
815557
815707
816256
817406
817620
817907
819885
820268
820720
821126
821722
823274
823669
824646
825082
825244
826399
827036
828247
829518
830665
830975
831239
831591
833600
834879
835817
836016
836138
836565
837223
840775
841235
841704
842410
842904
843652
844605
845663
846776
846796
847190
847514
847525
847935
848444
849935
850540
852860
856096
856728
858102
859217
859808
860341
860912
861457
866249
867977
868129
868751
869200
869711
870355
872672
872787
875134
875235
875909
876363
876914
878264
878384
878393
880753
881557
881991
882633
882828
886066
886534
887302
888285
888598
888627
889508
890231
891841
892307
892339
892625
892645
894737
896626
897264
897871
898576
899192
900217
900847
901719
902079
902833
903076
903976
904553
907590
908243
909555
909698
909759
909934
910245
912142
912271
913961
918064
920045
921402
921624
924040
924490
925256
925346
925611
925902
928052
929226
930364
934038
934500
936415
936710
936902
937174
939078
940117
940157
940320
943381
943528
944570
945215
946956
947310
947931
950994
951219
953034
953389
953466
953947
954292
954398
954709
955005
955239
957206
957760
958864
960778
961729
962285
962396
964015
964780
965146
966107
966371
966984
968159
969206
970003
970565
971154
971512
975288
976171
977469
977943
981929
983015
983515
984045
984769
984787
984915
985658
986431
986619
986724
987436
989304
989405
989850
991188
995337
995852
998199
998500
998502
998734
