140891
596853
888598
841235
800875
66172
267459
123646
519501
797926
471325
495185
683244
398055
827036
220153
98418
511554
29724
936710
876363
408744
453789
636944
799308
804423
2208
729633
467022
279267
756589
840775
239874
619869
991188
107192
945215
332849
32075
23406
26681
681098
567712
9652
984769
924040
399721
719830
227120
442621
761111
30451
553259
232460
800798
459158
984787
519896
579715
244406
362493
242081
709727
229408
797911
481929
998500
303858
971512
22533
436396
878264
960778
583484
966984
673494
104857
194936
659924
758790
901719
310787
126762
779245
348856
939078
756531
745738
525126
981929
442611
532380
870355
954398
702866
199071
318104
297962
616122
925346
523619
887302
986619
529828
412461
617613
894737
36202
503554
254531
779858
836138
423926
434439
697034
181411
384957
575457
925611
737191
813524
707249
774075
392904
90667
460284
696000
533123
113174
816256
171650
546243
880753
412357
388521
513480
768360
31011
492117
45599
323516
737549
889508
644675
621998
606261
412719
678592
178624
176783
526635
237961
12899
807952
209208
565829
964780
902079
574974
243454
424101
538728
360527
998734
888627
605861
370434
481434
953947
282359
691236
574615
638524
764831
5986
402327
821722
898576
860341
929226
984045
776474
537395
848444
135527
543873
815160
588626
215466
446788
995852
58849
504471
912271
382453
597687
581331
209546
986724
529237
433481
508480
852860
374121
434555
362889
1661
564635
566345
653776
824646
642202
347222
480401
628993
29333
843652
240758
666234
185819
577509
612851
189565
902833
96051
837223
577795
835817
892625
856096
976171
267695
34035
882633
989405
705810
73875
87277
910245
17501
475003
15267
790778
792290
294856
261681
281691
114807
836016
655152
193577
361153
304385
72892
175605
167379
267613
552998
998199
176312
688554
286171
679689
746156
308798
476789
736756
337643
520611
496784
119737
24782
327160
405334
360020
441365
834879
197173
270973
114044
265770
943528
765620
534895
219247
635068
452623
856728
21829
236321
18732
416615
153576
37042
753753
168010
467317
738832
530903
711118
447390
571161
872672
231315
661412
836565
728813
541693
472745
234037
549344
680008
32191
414080
707686
603818
842410
336850
691875
661596
447007
61640
773273
313111
131788
222436
918064
49744
321269
74162
900217
80159
325439
961729
984915
312349
779974
165892
436388
592383
264616
136725
8892
587954
921402
891841
39758
619272
859217
228160
944570
597982
483238
179848
868129
909934
912142
817907
738221
653223
533592
39241
396329
210142
363783
103835
215756
601235
706900
940117
453981
620137
203548
516267
109496
983515
698307
409008
310454
528594
524078
18035
341149
641863
913961
421868
943381
295018
18971
164590
210609
899192
343661
850540
590705
820720
141707
355567
450091
223377
279482
707217
101088
878393
397655
977469
574228
360552
958864
925256
878384
720487
560285
508033
805255
558388
246038
68495
760705
42362
88793
139478
177937
174643
955239
564352
223313
281028
795991
348372
629364
530462
881991
267692
385989
355311
356814
119446
305361
246614
909555
989850
633321
817406
749845
930364
512536
141920
608129
577944
807668
109340
336305
41038
426349
76748
398700
908243
826399
154485
868751
131090
357456
120260
645069
615941
819885
971154
396403
80375
598507
577004
234581
593458
85714
998502
279680
382616
934038
309909
591865
560248
970003
119869
480005
940320
290647
112963
825244
47974
867977
310103
12983
643486
702977
15254
96136
433622
120693
866249
928052
828247
41967
197050
251273
823669
615296
441464
169890
121171
472811
175514
713964
253147
166665
780147
886066
107829
456238
955005
396652
845663
569298
953389
858102
308306
576936
265719
746178
500181
329734
104993
217699
683724
332835
41544
28586
11016
825082
970565
309906
761773
625549
335807
471696
410275
328498
417915
66023
67310
957760
332765
630662
478001
116771
262209
225646
823274
647817
815707
934500
569285
909759
721619
491698
693983
373111
271671
192122
567911
217932
322249
208893
258349
377973
85321
859808
294426
93758
789878
469659
94884
683682
602256
674723
355345
986431
238473
409446
321686
43046
343137
195887
332120
831239
888285
607132
936902
966107
317518
257790
350573
105851
570661
641090
607110
846796
624912
96515
257003
230849
21363
847525
255600
421290
75840
281085
577980
909698
74361
764589
78779
22559
666246
10398
304948
787196
830665
376639
517221
491608
904553
900847
161669
105837
525787
815525
833600
344031
80852
534008
995337
697562
181657
188289
813914
156828
148413
861457
907590
335317
320468
112069
743780
539343
875235
964015
631130
307746
132434
937174
216783
148562
571990
954709
757730
33302
817620
331422
860912
946956
653816
842904
704851
951219
579811
881557
989304
782431
723092
215413
186808
313447
453653
563601
165566
50917
749547
903976
700216
259309
264856
815557
67543
715208
468393
847514
451067
575951
262374
567675
460743
892645
564196
475329
11394
414932
876914
355120
179849
270500
509380
25594
831591
677840
977943
436924
598321
19829
65348
725303
372185
608248
145001
622378
131207
145223
271699
869200
290365
417120
591472
420565
180537
642195
93582
244873
509604
7840
186204
554383
332651
525231
936415
680357
965146
459608
975288
719861
670156
766951
236695
249953
328188
519120
720318
502086
235994
747473
432271
353319
587629
640980
950994
763594
962285
685147
288594
677815
230130
50538
966371
75027
800267
536547
676633
920045
386599
167214
536484
803238
830975
925902
213746
326948
313228
726198
314117
890231
579147
389665
173202
735348
735341
772190
487355
623460
89100
897871
129230
940157
635547
538916
598980
395520
184838
163346
262768
447482
228189
987436
597182
754552
794558
820268
54665
519072
714747
412727
751989
667914
364885
402628
540075
886534
172803
570659
765351
42686
549636
94793
847190
267579
658976
105954
280521
772703
957206
87786
145884
813440
646869
882828
691763
719982
734430
85991
466677
892307
969206
252696
892339
400926
985658
841704
947310
453951
416536
172757
954292
341277
459411
132466
652636
953034
511669
222313
124976
452209
629857
559996
428053
953466
123826
692594
309828
291160
260273
397252
785988
586546
4203
199060
554028
460086
607212
22056
32304
658009
635046
254006
875909
273045
216641
181248
298615
155619
568684
210184
286497
326249
614190
794212
263069
872787
716730
468080
829518
903076
847935
896626
176139
571869
374294
514650
440366
897264
127716
806425
219094
598259
921624
401873
214771
297845
849935
113392
947931
846776
25323
123806
596963
783564
13857
571774
310811
706649
798035
759500
680928
143229
78835
524677
391881
600391
844605
326370
458405
527467
710161
374151
795460
554061
339411
885
129919
463800
752843
471389
367224
319605
565492
418804
355850
821126
766649
716610
599172
516213
118589
679129
962396
395898
400960
213819
583939
4063
291106
666404
627220
757373
924490
774441
869711
763762
535780
208540
968159
484002
630018
875134
542022
428831
983015
780801
746721
320168
737035
178585
471217
