26331342
34168835
45971251
12432213
79810020
6697301
67478725
19192111
70019526
3956578
6821830
87316474
92154058
10768367
17008006
74763742
43635333
21956626
3860961
48594597
20327341
16639100
41147329
3569186
32141425
86969790
48870210
62926353
92371955
78201725
6524861
72807737
8184557
73163022
10985315
35570497
78853492
54090490
95738060
85383809
66970592
59784485
63804532
9569681
18425067
84432525
11349153
52915163
78818779
22140495
59154365
70669048
232515
25015864
33182930
4905497
79017905
71319655
71974906
61531178
52646711
423460
72426863
1378025
32016962
73855799
21155190
52300628
93316890
22962581
58092559
93796349
10438053
38016845
75895437
50013861
41299391
5066938
41361456
4151249
35195691
11510871
40108674
48205056
54338217
31455210
40387016
71776308
99548209
24100850
24222931
18723811
48672627
89626789
98570584
48580167
91077808
98188965
60401075
18363281
